/bin/sh: 1: aip117: not found
/bin/sh: 1: root: not found
Traceback (most recent call last):
  File "/home/aip117/project/rabbitmq/insert.py", line 14, in <module>
    model_soc = load_model('est.SoCNMC')
  File "/home/aip117/venv/lib/python3.8/site-packages/tensorflow/python/keras/saving/save.py", line 211, in load_model
    loader_impl.parse_saved_model(filepath)
  File "/home/aip117/venv/lib/python3.8/site-packages/tensorflow/python/saved_model/loader_impl.py", line 111, in parse_saved_model
    raise IOError("SavedModel file does not exist at: %s/{%s|%s}" %
OSError: SavedModel file does not exist at: est.SoCNMC/{saved_model.pbtxt|saved_model.pb}
load model done
 [*] Waiting for logs. To exit press CTRL+C
    modul  voltage  temperature     soc
0       1     3.57        27.18   44.01
1       2     3.35        26.59   20.22
2       3     3.40        26.75   25.48
3       4     0.00         0.00    1.57
4       5     3.43        26.09   28.75
5       6     2.49        25.46    1.88
6       7     3.40        26.59   25.48
7       8     3.46        26.53   32.02
8       9     3.43        25.68   28.75
9      10     4.38        27.18  100.00
10     11     3.49        25.93   35.29
11     12     3.50        26.25   36.38
12     13     0.00         0.00    1.57
13     14     3.49        26.06   35.29
14     15     3.51        26.15   37.47
15     16     3.58        25.68   45.10
16     17     0.50        26.18    1.57
17     18     3.51        26.03   37.47
18     19     3.53        27.06   39.65
19     20     3.64        27.06   51.64
success
sent
    modul  voltage  temperature     soc
0       1     3.57        27.21   44.01
1       2     3.36        26.53   21.12
2       3     3.39        26.68   24.39
3       4     0.00         0.00    1.57
4       5     3.43        25.93   28.75
5       6     2.50        25.43    1.95
6       7     3.39        26.71   24.39
7       8     3.46        26.46   32.02
8       9     3.43        25.53   28.75
9      10     4.38        27.21  100.00
10     11     3.49        25.90   35.29
11     12     3.50        26.31   36.38
12     13     0.00         0.00    1.57
13     14     3.49        26.06   35.29
14     15     3.51        26.21   37.47
15     16     3.59        25.78   46.19
16     17     0.51        26.15    1.57
17     18     3.51        26.21   37.47
18     19     3.53        27.06   39.65
19     20     3.65        27.09   52.73
success
sent
    modul  voltage  temperature     soc
0       1     3.57        27.21   44.01
1       2     3.36        26.53   21.12
2       3     3.39        26.68   24.39
3       4     0.00         0.00    1.57
4       5     3.43        25.93   28.75
5       6     2.50        25.43    1.95
6       7     3.39        26.71   24.39
7       8     3.46        26.46   32.02
8       9     3.43        25.53   28.75
9      10     4.38        27.21  100.00
10     11     3.49        25.90   35.29
11     12     3.50        26.31   36.38
12     13     0.00         0.00    1.57
13     14     3.49        26.06   35.29
14     15     3.51        26.21   37.47
15     16     3.59        25.78   46.19
16     17     0.51        26.15    1.57
17     18     3.51        26.21   37.47
18     19     3.53        27.06   39.65
19     20     3.65        27.09   52.73
success
sent
    modul  voltage  temperature     soc
0       1     3.57        27.21   44.01
1       2     3.36        26.53   21.12
2       3     3.39        26.68   24.39
3       4     0.00         0.00    1.57
4       5     3.43        25.93   28.75
5       6     2.50        25.43    1.95
6       7     3.39        26.71   24.39
7       8     3.46        26.46   32.02
8       9     3.43        25.53   28.75
9      10     4.38        27.21  100.00
10     11     3.49        25.90   35.29
11     12     3.50        26.31   36.38
12     13     0.00         0.00    1.57
13     14     3.49        26.06   35.29
14     15     3.51        26.21   37.47
15     16     3.59        25.78   46.19
16     17     0.51        26.15    1.57
17     18     3.51        26.21   37.47
18     19     3.53        27.06   39.65
19     20     3.65        27.09   52.73
success
sent
    modul  voltage  temperature     soc
0       1     3.57        27.28   44.01
1       2     3.35        26.59   20.22
2       3     3.39        26.65   24.39
3       4     0.00         0.00    1.57
4       5     3.43        25.90   28.75
5       6     2.49        25.46    1.88
6       7     3.39        26.62   24.39
7       8     3.46        26.50   32.02
8       9     3.44        25.68   29.84
9      10     4.38        27.25  100.00
10     11     3.49        25.71   35.29
11     12     3.50        26.46   36.38
12     13     0.00         0.00    1.57
13     14     3.49        26.06   35.29
14     15     3.51        26.18   37.47
15     16     3.59        25.75   46.19
16     17     0.52        26.18    1.57
17     18     3.51        26.06   37.47
18     19     3.52        27.15   38.56
19     20     3.65        27.00   52.73
success
sent
    modul  voltage  temperature     soc
0       1     3.57        27.21   44.01
1       2     3.36        26.50   21.12
2       3     3.40        26.65   25.48
3       4     0.00         0.00    1.57
4       5     3.43        26.00   28.75
5       6     2.49        25.43    1.88
6       7     3.40        26.68   25.48
7       8     3.46        26.53   32.02
8       9     3.44        25.53   29.84
9      10     4.38        27.12  100.00
10     11     3.49        25.81   35.29
11     12     3.50        26.18   36.38
12     13     0.00         0.00    1.57
13     14     3.49        26.03   35.29
14     15     3.52        26.12   38.56
15     16     3.58        25.65   45.10
16     17     0.52        26.25    1.57
17     18     3.51        25.93   37.47
18     19     3.53        27.03   39.65
19     20     3.65        27.06   52.73
success
sent
    modul  voltage  temperature     soc
0       1     3.57        27.21   44.01
1       2     3.35        26.59   20.22
2       3     3.40        26.71   25.48
3       4     0.00         0.00    1.57
4       5     3.43        26.06   28.75
5       6     2.48        25.46    1.81
6       7     3.40        26.68   25.48
7       8     3.46        26.50   32.02
8       9     3.43        25.56   28.75
9      10     4.38        27.18  100.00
10     11     3.49        25.96   35.29
11     12     3.50        26.28   36.38
12     13     0.00         0.00    1.57
13     14     3.49        26.06   35.29
14     15     3.52        26.09   38.56
15     16     3.59        25.75   46.19
16     17     0.52        26.12    1.57
17     18     3.51        26.09   37.47
18     19     3.52        27.06   38.56
19     20     3.65        27.15   52.73
success
sent
    modul  voltage  temperature     soc
0       1     3.57        27.28   44.01
1       2     3.36        26.62   21.12
2       3     3.40        26.71   25.48
3       4     0.00         0.00    1.57
4       5     3.43        26.03   28.75
5       6     2.49        25.59    1.88
6       7     3.39        26.65   24.39
7       8     3.46        26.56   32.02
8       9     3.44        25.56   29.84
9      10     4.38        27.18  100.00
10     11     3.49        26.03   35.29
11     12     3.50        26.25   36.38
12     13     0.00         0.00    1.57
13     14     3.49        26.03   35.29
14     15     3.52        26.03   38.56
15     16     3.58        25.75   45.10
16     17     0.52        26.21    1.57
17     18     3.51        26.09   37.47
18     19     3.53        27.12   39.65
19     20     3.65        27.00   52.73
success
sent
    modul  voltage  temperature     soc
0       1     3.57        27.28   44.01
1       2     3.35        26.59   20.22
2       3     3.39        26.62   24.39
3       4     0.00         0.00    1.57
4       5     3.43        26.06   28.75
5       6     2.49        25.43    1.88
6       7     3.39        26.75   24.39
7       8     3.46        26.62   32.02
8       9     3.43        25.59   28.75
9      10     4.38        27.21  100.00
10     11     3.49        25.75   35.29
11     12     3.50        26.15   36.38
12     13     0.00         0.00    1.57
13     14     3.49        26.12   35.29
14     15     3.51        26.18   37.47
15     16     3.59        25.78   46.19
16     17     0.51        26.25    1.57
17     18     3.51        26.03   37.47
18     19     3.53        27.03   39.65
19     20     3.65        27.00   52.73
success
sent
    modul  voltage  temperature     soc
0       1     3.57        27.28   44.01
1       2     3.36        26.62   21.12
2       3     3.40        26.71   25.48
3       4     0.00         0.00    1.57
4       5     3.43        26.09   28.75
5       6     2.50        25.50    1.95
6       7     3.39        26.68   24.39
7       8     3.46        26.56   32.02
8       9     3.43        25.59   28.75
9      10     4.38        27.12  100.00
10     11     3.49        25.90   35.29
11     12     3.50        26.25   36.38
12     13     0.00         0.00    1.57
13     14     3.48        26.09   34.20
14     15     3.52        26.15   38.56
15     16     3.58        25.87   45.10
16     17     0.52        26.21    1.57
17     18     3.51        26.12   37.47
18     19     3.52        27.06   38.56
19     20     3.65        27.03   52.73
success
sent
    modul  voltage  temperature     soc
0       1     3.57        27.31   44.01
1       2     3.36        26.62   21.12
2       3     3.39        26.75   24.39
3       4     0.00         0.00    1.57
4       5     3.43        26.06   28.75
5       6     2.49        25.46    1.88
6       7     3.40        26.68   25.48
7       8     3.46        26.50   32.02
8       9     3.43        25.62   28.75
9      10     4.38        27.25  100.00
10     11     3.49        25.90   35.29
11     12     3.50        26.31   36.38
12     13     0.00         0.00    1.57
13     14     3.49        26.00   35.29
14     15     3.52        26.18   38.56
15     16     3.58        25.78   45.10
16     17     0.51        26.18    1.57
17     18     3.51        26.15   37.47
18     19     3.52        27.15   38.56
19     20     3.65        27.03   52.73
success
sent
    modul  voltage  temperature     soc
0       1     3.57        27.28   44.01
1       2     3.35        26.53   20.22
2       3     3.40        26.65   25.48
3       4     0.00         0.00    1.57
4       5     3.43        26.00   28.75
5       6     2.49        25.50    1.88
6       7     3.39        26.59   24.39
7       8     3.46        26.50   32.02
8       9     3.43        25.62   28.75
9      10     4.38        27.28  100.00
10     11     3.49        25.87   35.29
11     12     3.50        26.25   36.38
12     13     0.00         0.00    1.57
13     14     3.49        26.12   35.29
14     15     3.52        26.09   38.56
15     16     3.58        25.75   45.10
16     17     0.51        26.31    1.57
17     18     3.51        26.09   37.47
18     19     3.53        27.03   39.65
19     20     3.65        26.96   52.73
success
sent
    modul  voltage  temperature     soc
0       1     3.57        27.21   44.01
1       2     3.36        26.59   21.12
2       3     3.39        26.78   24.39
3       4     0.00         0.00    1.57
4       5     3.43        26.00   28.75
5       6     2.49        25.50    1.88
6       7     3.39        26.78   24.39
7       8     3.46        26.56   32.02
8       9     3.44        25.65   29.84
9      10     4.38        27.25  100.00
10     11     3.49        25.90   35.29
11     12     3.51        26.25   37.47
12     13     0.00         0.00    1.57
13     14     3.48        26.03   34.20
14     15     3.51        26.18   37.47
15     16     3.58        25.68   45.10
16     17     0.52        26.25    1.57
17     18     3.51        26.06   37.47
18     19     3.53        27.03   39.65
19     20     3.65        27.00   52.73
success
sent
    modul  voltage  temperature     soc
0       1     3.57        27.25   44.01
1       2     3.35        26.65   20.22
2       3     3.40        26.75   25.48
3       4     0.00         0.00    1.57
4       5     3.43        25.90   28.75
5       6     2.48        25.46    1.81
6       7     3.39        26.53   24.39
7       8     3.46        26.53   32.02
8       9     3.43        25.59   28.75
9      10     4.38        27.15  100.00
10     11     3.49        25.81   35.29
11     12     3.50        26.28   36.38
12     13     0.00         0.00    1.57
13     14     3.49        26.25   35.29
14     15     3.52        26.12   38.56
15     16     3.58        25.84   45.10
16     17     0.52        26.25    1.57
17     18     3.51        26.09   37.47
18     19     3.53        27.03   39.65
19     20     3.65        27.00   52.73
success
sent
    modul  voltage  temperature     soc
0       1     3.57        27.12   44.01
1       2     3.35        26.59   20.22
2       3     3.40        26.65   25.48
3       4     0.00         0.00    1.57
4       5     3.43        26.00   28.75
5       6     2.48        25.50    1.81
6       7     3.39        26.59   24.39
7       8     3.45        26.50   30.93
8       9     3.44        25.65   29.84
9      10     4.38        27.21  100.00
10     11     3.49        25.87   35.29
11     12     3.49        26.34   35.29
12     13     0.00         0.00    1.57
13     14     3.49        26.21   35.29
14     15     3.51        26.18   37.47
15     16     3.58        25.78   45.10
16     17     0.52        26.31    1.57
17     18     3.51        26.09   37.47
18     19     3.53        27.00   39.65
19     20     3.64        26.90   51.64
success
sent
    modul  voltage  temperature     soc
0       1     3.57        27.21   44.01
1       2     3.35        26.59   20.22
2       3     3.40        26.75   25.48
3       4     0.00         0.00    1.57
4       5     3.42        26.06   27.66
5       6     2.48        25.46    1.81
6       7     3.39        26.59   24.39
7       8     3.46        26.56   32.02
8       9     3.43        25.65   28.75
9      10     4.38        27.18  100.00
10     11     3.49        25.90   35.29
11     12     3.50        26.25   36.38
12     13     0.00         0.00    1.57
13     14     3.49        26.31   35.29
14     15     3.51        26.09   37.47
15     16     3.58        25.65   45.10
16     17     0.50        26.18    1.57
17     18     3.51        26.09   37.47
18     19     3.53        27.06   39.65
19     20     3.64        26.96   51.64
success
sent
    modul  voltage  temperature     soc
0       1     3.57        27.15   44.01
1       2     3.35        26.56   20.22
2       3     3.40        26.62   25.48
3       4     0.00         0.00    1.57
4       5     3.43        26.06   28.75
5       6     2.48        25.53    1.81
6       7     3.39        26.59   24.39
7       8     3.46        26.53   32.02
8       9     3.43        25.62   28.75
9      10     4.38        27.15  100.00
10     11     3.49        25.81   35.29
11     12     3.50        26.37   36.38
12     13     0.00         0.00    1.57
13     14     3.49        26.15   35.29
14     15     3.52        26.15   38.56
15     16     3.59        25.81   46.19
16     17     0.52        26.25    1.57
17     18     3.51        26.06   37.47
18     19     3.53        27.03   39.65
19     20     3.65        27.12   52.73
success
sent
    modul  voltage  temperature     soc
0       1     3.57        27.21   44.01
1       2     3.35        26.68   20.22
2       3     3.40        26.65   25.48
3       4     0.00         0.00    1.57
4       5     3.42        26.09   27.66
5       6     2.49        25.43    1.88
6       7     3.39        26.68   24.39
7       8     3.46        26.59   32.02
8       9     3.43        25.62   28.75
9      10     4.38        27.21  100.00
10     11     3.50        25.87   36.38
11     12     3.50        26.28   36.38
12     13     0.00         0.00    1.57
13     14     3.49        26.00   35.29
14     15     3.51        26.15   37.47
15     16     3.59        25.81   46.19
16     17     0.51        26.25    1.57
17     18     3.51        26.12   37.47
18     19     3.53        27.06   39.65
19     20     3.65        27.03   52.73
success
sent
    modul  voltage  temperature     soc
0       1     3.57        27.18   44.01
1       2     3.36        26.56   21.12
2       3     3.39        26.71   24.39
3       4     0.00         0.00    1.57
4       5     3.43        25.96   28.75
5       6     2.48        25.50    1.81
6       7     3.40        26.68   25.48
7       8     3.45        26.50   30.93
8       9     3.44        25.65   29.84
9      10     4.38        27.15  100.00
10     11     3.49        25.87   35.29
11     12     3.50        26.31   36.38
12     13     0.00         0.00    1.57
13     14     3.49        26.12   35.29
14     15     3.52        26.21   38.56
15     16     3.58        25.75   45.10
16     17     0.52        26.34    1.57
17     18     3.51        26.18   37.47
18     19     3.53        27.00   39.65
19     20     3.65        27.06   52.73
success
sent
    modul  voltage  temperature     soc
0       1     3.57        27.25   44.01
1       2     3.36        26.53   21.12
2       3     3.40        26.75   25.48
3       4     0.00         0.00    1.57
4       5     3.42        26.06   27.66
5       6     2.50        25.50    1.95
6       7     3.40        26.62   25.48
7       8     3.46        26.53   32.02
8       9     3.43        25.62   28.75
9      10     4.38        27.15  100.00
10     11     3.49        25.87   35.29
11     12     3.50        26.31   36.38
12     13     0.00         0.00    1.57
13     14     3.49        26.34   35.29
14     15     3.51        26.15   37.47
15     16     3.58        25.81   45.10
16     17     0.56        26.21    1.57
17     18     3.51        26.09   37.47
18     19     3.53        27.15   39.65
19     20     3.65        27.09   52.73
success
sent
    modul  voltage  temperature     soc
0       1     3.57        27.12   44.01
1       2     3.35        26.53   20.22
2       3     3.40        26.75   25.48
3       4     0.00         0.00    1.57
4       5     3.42        26.12   27.66
5       6     2.50        25.56    1.95
6       7     3.39        26.65   24.39
7       8     3.46        26.50   32.02
8       9     3.43        25.71   28.75
9      10     4.38        27.25  100.00
10     11     3.49        25.90   35.29
11     12     3.50        26.28   36.38
12     13     0.00         0.00    1.57
13     14     3.49        26.03   35.29
14     15     3.51        26.21   37.47
15     16     3.58        25.71   45.10
16     17     0.52        26.12    1.57
17     18     3.51        26.12   37.47
18     19     3.53        27.09   39.65
19     20     3.65        26.90   52.73
success
sent
    modul  voltage  temperature     soc
0       1     3.57        27.12   44.01
1       2     3.35        26.56   20.22
2       3     3.40        26.62   25.48
3       4     0.00         0.00    1.57
4       5     3.42        26.03   27.66
5       6     2.50        25.50    1.95
6       7     3.39        26.62   24.39
7       8     3.45        26.56   30.93
8       9     3.43        25.68   28.75
9      10     4.38        27.15  100.00
10     11     3.49        25.87   35.29
11     12     3.50        26.31   36.38
12     13     0.00         0.00    1.57
13     14     3.49        26.06   35.29
14     15     3.52        26.21   38.56
15     16     3.58        25.81   45.10
16     17     0.52        26.15    1.57
17     18     3.51        26.06   37.47
18     19     3.53        27.12   39.65
19     20     3.65        26.96   52.73
success
sent
    modul  voltage  temperature     soc
0       1     3.57        27.12   44.01
1       2     3.35        26.53   20.22
2       3     3.40        26.65   25.48
3       4     0.00         0.00    1.57
4       5     3.43        26.00   28.75
5       6     2.50        25.46    1.95
6       7     3.39        26.68   24.39
7       8     3.46        26.59   32.02
8       9     3.43        25.68   28.75
9      10     4.38        27.25  100.00
10     11     3.49        25.90   35.29
11     12     3.50        26.31   36.38
12     13     0.00         0.00    1.57
13     14     3.49        26.12   35.29
14     15     3.52        26.18   38.56
15     16     3.58        25.78   45.10
16     17     0.51        26.34    1.57
17     18     3.51        26.15   37.47
18     19     3.53        27.12   39.65
19     20     3.65        26.93   52.73
success
sent
    modul  voltage  temperature     soc
0       1     3.57        27.09   44.01
1       2     3.36        26.62   21.12
2       3     3.40        26.78   25.48
3       4     0.00         0.00    1.57
4       5     3.42        26.03   27.66
5       6     2.50        25.50    1.95
6       7     3.39        26.68   24.39
7       8     3.46        26.56   32.02
8       9     3.44        25.71   29.84
9      10     4.39        27.21  100.00
10     11     3.49        25.93   35.29
11     12     3.50        26.43   36.38
12     13     0.00         0.00    1.57
13     14     3.49        26.06   35.29
14     15     3.52        26.28   38.56
15     16     3.58        25.75   45.10
16     17     0.52        26.25    1.57
17     18     3.51        26.06   37.47
18     19     3.53        27.09   39.65
19     20     3.65        26.93   52.73
success
sent
    modul  voltage  temperature     soc
0       1     3.57        27.09   44.01
1       2     3.35        26.59   20.22
2       3     3.40        26.65   25.48
3       4     0.00         0.00    1.57
4       5     3.42        26.06   27.66
5       6     2.50        25.37    1.95
6       7     3.40        26.62   25.48
7       8     3.45        26.62   30.93
8       9     3.44        25.62   29.84
9      10     4.38        27.21  100.00
10     11     3.49        25.81   35.29
11     12     3.50        26.25   36.38
12     13     0.00         0.00    1.57
13     14     3.48        26.09   34.20
14     15     3.51        26.12   37.47
15     16     3.58        25.90   45.10
16     17     0.51        26.18    1.57
17     18     3.51        26.00   37.47
18     19     3.53        27.03   39.65
19     20     3.65        26.87   52.73
success
sent
    modul  voltage  temperature     soc
0       1     3.57        27.18   44.01
1       2     3.35        26.56   20.22
2       3     3.40        26.65   25.48
3       4     0.00         0.00    1.57
4       5     3.42        26.09   27.66
5       6     2.50        25.46    1.95
6       7     3.39        26.62   24.39
7       8     3.46        26.53   32.02
8       9     3.43        25.59   28.75
9      10     4.38        27.12  100.00
10     11     3.49        25.90   35.29
11     12     3.50        26.25   36.38
12     13     0.00         0.00    1.57
13     14     3.49        26.15   35.29
14     15     3.51        26.25   37.47
15     16     3.58        25.84   45.10
16     17     0.51        26.25    1.57
17     18     3.51        26.12   37.47
18     19     3.53        27.06   39.65
19     20     3.64        26.90   51.64
success
sent
    modul  voltage  temperature     soc
0       1     3.57        27.21   44.01
1       2     3.35        26.59   20.22
2       3     3.40        26.59   25.48
3       4     0.00         0.00    1.57
4       5     3.42        26.06   27.66
5       6     2.50        25.53    1.95
6       7     3.39        26.71   24.39
7       8     3.46        26.56   32.02
8       9     3.44        25.68   29.84
9      10     4.38        27.18  100.00
10     11     3.49        25.96   35.29
11     12     3.50        26.40   36.38
12     13     0.00         0.00    1.57
13     14     3.49        26.12   35.29
14     15     3.52        26.12   38.56
15     16     3.58        25.87   45.10
16     17     0.52        26.28    1.57
17     18     3.51        26.12   37.47
18     19     3.52        27.00   38.56
19     20     3.65        27.03   52.73
success
sent
    modul  voltage  temperature     soc
0       1     3.57        27.15   44.01
1       2     3.35        26.59   20.22
2       3     3.40        26.71   25.48
3       4     0.00         0.00    1.57
4       5     3.42        25.96   27.66
5       6     2.52        25.50    2.09
6       7     3.39        26.62   24.39
7       8     3.46        26.53   32.02
8       9     3.44        25.68   29.84
9      10     4.39        27.18  100.00
10     11     3.49        25.93   35.29
11     12     3.50        26.40   36.38
12     13     0.00         0.00    1.57
13     14     3.49        26.18   35.29
14     15     3.51        26.28   37.47
15     16     3.59        25.81   46.19
16     17     0.52        26.25    1.57
17     18     3.51        26.09   37.47
18     19     3.53        27.03   39.65
19     20     3.65        26.87   52.73
success
sent
    modul  voltage  temperature     soc
0       1     3.58        27.09   45.10
1       2     3.36        26.56   21.12
2       3     3.40        26.65   25.48
3       4     0.00         0.00    1.57
4       5     3.42        26.09   27.66
5       6     2.50        25.53    1.95
6       7     3.40        26.78   25.48
7       8     3.46        26.59   32.02
8       9     3.43        25.65   28.75
9      10     4.38        27.31  100.00
10     11     3.49        25.87   35.29
11     12     3.50        26.31   36.38
12     13     0.00         0.00    1.57
13     14     3.49        26.03   35.29
14     15     3.52        26.21   38.56
15     16     3.58        25.75   45.10
16     17     0.50        26.31    1.57
17     18     3.51        26.12   37.47
18     19     3.53        27.15   39.65
19     20     3.65        26.87   52.73
success
sent
    modul  voltage  temperature     soc
0       1     3.57        27.15   44.01
1       2     3.36        26.56   21.12
2       3     3.39        26.59   24.39
3       4     0.00         0.00    1.57
4       5     3.43        26.15   28.75
5       6     2.50        25.62    1.95
6       7     3.39        26.68   24.39
7       8     3.46        26.46   32.02
8       9     3.43        25.68   28.75
9      10     4.38        27.34  100.00
10     11     3.49        25.96   35.29
11     12     3.50        26.37   36.38
12     13     0.00         0.00    1.57
13     14     3.49        26.03   35.29
14     15     3.51        26.21   37.47
15     16     3.59        25.78   46.19
16     17     0.50        26.21    1.57
17     18     3.51        26.09   37.47
18     19     3.53        27.00   39.65
19     20     3.65        26.90   52.73
success
sent
    modul  voltage  temperature     soc
0       1     3.57        27.21   44.01
1       2     3.35        26.50   20.22
2       3     3.40        26.68   25.48
3       4     0.00         0.00    1.57
4       5     3.42        26.12   27.66
5       6     2.51        25.53    2.02
6       7     3.39        26.59   24.39
7       8     3.46        26.46   32.02
8       9     3.43        25.68   28.75
9      10     4.38        27.25  100.00
10     11     3.49        25.93   35.29
11     12     3.50        26.28   36.38
12     13     0.00         0.00    1.57
13     14     3.49        26.18   35.29
14     15     3.52        26.15   38.56
15     16     3.58        25.87   45.10
16     17     0.52        26.18    1.57
17     18     3.51        26.12   37.47
18     19     3.52        27.09   38.56
19     20     3.65        26.93   52.73
success
sent
    modul  voltage  temperature     soc
0       1     3.57        27.15   44.01
1       2     3.36        26.56   21.12
2       3     3.39        26.71   24.39
3       4     0.00         0.00    1.57
4       5     3.42        26.06   27.66
5       6     2.49        25.53    1.88
6       7     3.39        26.65   24.39
7       8     3.46        26.50   32.02
8       9     3.44        25.71   29.84
9      10     4.38        27.28  100.00
10     11     3.49        26.03   35.29
11     12     3.50        26.40   36.38
12     13     0.00         0.00    1.57
13     14     3.49        26.06   35.29
14     15     3.51        26.18   37.47
15     16     3.58        25.81   45.10
16     17     0.52        26.25    1.57
17     18     3.51        26.18   37.47
18     19     3.53        27.06   39.65
19     20     3.64        26.96   51.64
success
sent
    modul  voltage  temperature     soc
0       1     3.57        27.12   44.01
1       2     3.36        26.53   21.12
2       3     3.40        26.68   25.48
3       4     0.00         0.00    1.57
4       5     3.42        26.00   27.66
5       6     2.49        25.53    1.88
6       7     3.40        26.59   25.48
7       8     3.46        26.46   32.02
8       9     3.43        25.62   28.75
9      10     4.38        27.25  100.00
10     11     3.49        25.96   35.29
11     12     3.50        26.31   36.38
12     13     0.00         0.00    1.57
13     14     3.49        25.96   35.29
14     15     3.52        26.12   38.56
15     16     3.58        25.87   45.10
16     17     0.52        26.28    1.57
17     18     3.52        26.09   38.56
18     19     3.53        27.06   39.65
19     20     3.65        26.87   52.73
success
sent
    modul  voltage  temperature     soc
0       1     3.57        27.09   44.01
1       2     3.35        26.56   20.22
2       3     3.40        26.59   25.48
3       4     0.00         0.00    1.57
4       5     3.42        26.06   27.66
5       6     2.50        25.53    1.95
6       7     3.40        26.62   25.48
7       8     3.46        26.56   32.02
8       9     3.43        25.71   28.75
9      10     4.38        27.18  100.00
10     11     3.49        25.90   35.29
11     12     3.50        26.28   36.38
12     13     0.00         0.00    1.57
13     14     3.48        26.15   34.20
14     15     3.52        26.25   38.56
15     16     3.59        25.90   46.19
16     17     0.49        26.28    1.57
17     18     3.51        26.12   37.47
18     19     3.53        27.00   39.65
19     20     3.64        26.96   51.64
success
sent
    modul  voltage  temperature     soc
0       1     3.57        27.06   44.01
1       2     3.35        26.59   20.22
2       3     3.40        26.71   25.48
3       4     0.00         0.00    1.57
4       5     3.42        26.09   27.66
5       6     2.50        25.59    1.95
6       7     3.39        26.71   24.39
7       8     3.45        26.50   30.93
8       9     3.43        25.78   28.75
9      10     4.38        27.21  100.00
10     11     3.49        25.87   35.29
11     12     3.50        26.37   36.38
12     13     0.00         0.00    1.57
13     14     3.48        26.18   34.20
14     15     3.51        26.21   37.47
15     16     3.58        25.81   45.10
16     17     0.52        26.28    1.57
17     18     3.51        26.18   37.47
18     19     3.52        27.03   38.56
19     20     3.65        26.87   52.73
success
sent
    modul  voltage  temperature     soc
0       1     3.57        27.06   44.01
1       2     3.36        26.53   21.12
2       3     3.39        26.59   24.39
3       4     0.00         0.00    1.57
4       5     3.42        26.03   27.66
5       6     2.49        25.53    1.88
6       7     3.40        26.68   25.48
7       8     3.46        26.50   32.02
8       9     3.43        25.71   28.75
9      10     4.38        27.21  100.00
10     11     3.49        26.00   35.29
11     12     3.50        26.37   36.38
12     13     0.00         0.00    1.57
13     14     3.49        26.25   35.29
14     15     3.51        26.18   37.47
15     16     3.59        25.75   46.19
16     17     0.52        26.28    1.57
17     18     3.51        26.03   37.47
18     19     3.53        27.06   39.65
19     20     3.65        26.93   52.73
success
sent
    modul  voltage  temperature     soc
0       1     3.57        27.15   44.01
1       2     3.35        26.53   20.22
2       3     3.40        26.62   25.48
3       4     0.00         0.00    1.57
4       5     3.42        26.09   27.66
5       6     2.49        25.53    1.88
6       7     3.39        26.78   24.39
7       8     3.46        26.53   32.02
8       9     3.44        25.75   29.84
9      10     4.38        27.28  100.00
10     11     3.49        25.96   35.29
11     12     3.50        26.40   36.38
12     13     0.00         0.00    1.57
13     14     3.49        26.06   35.29
14     15     3.52        26.12   38.56
15     16     3.58        25.84   45.10
16     17     0.54        26.12    1.57
17     18     3.51        26.12   37.47
18     19     3.52        27.03   38.56
19     20     3.65        26.84   52.73
success
sent
    modul  voltage  temperature     soc
0       1     3.57        27.12   44.01
1       2     3.35        26.50   20.22
2       3     3.40        26.62   25.48
3       4     0.00         0.00    1.57
4       5     3.42        26.12   27.66
5       6     2.49        25.59    1.88
6       7     3.39        26.71   24.39
7       8     3.46        26.50   32.02
8       9     3.44        25.65   29.84
9      10     4.38        27.28  100.00
10     11     3.50        25.96   36.38
11     12     3.50        26.31   36.38
12     13     0.00         0.00    1.57
13     14     3.49        26.00   35.29
14     15     3.51        26.21   37.47
15     16     3.58        25.84   45.10
16     17     0.54        26.21    1.57
17     18     3.51        26.12   37.47
18     19     3.53        27.00   39.65
19     20     3.65        26.93   52.73
success
sent
    modul  voltage  temperature     soc
0       1     3.57        27.06   44.01
1       2     3.35        26.53   20.22
2       3     3.40        26.59   25.48
3       4     0.00         0.00    1.57
4       5     3.42        26.09   27.66
5       6     2.50        25.53    1.95
6       7     3.39        26.71   24.39
7       8     3.46        26.56   32.02
8       9     3.43        25.78   28.75
9      10     4.38        27.25  100.00
10     11     3.50        25.90   36.38
11     12     3.50        26.37   36.38
12     13     0.00         0.00    1.57
13     14     3.49        26.28   35.29
14     15     3.52        26.25   38.56
15     16     3.58        25.87   45.10
16     17     0.51        26.15    1.57
17     18     3.51        26.09   37.47
18     19     3.52        27.03   38.56
19     20     3.65        26.84   52.73
success
sent
    modul  voltage  temperature     soc
0       1     3.57        27.12   44.01
1       2     3.35        26.56   20.22
2       3     3.39        26.59   24.39
3       4     0.00         0.00    1.57
4       5     3.42        26.12   27.66
5       6     2.50        25.53    1.95
6       7     3.39        26.68   24.39
7       8     3.46        26.46   32.02
8       9     3.44        25.59   29.84
9      10     4.38        27.28  100.00
10     11     3.49        25.90   35.29
11     12     3.50        26.28   36.38
12     13     0.00         0.00    1.57
13     14     3.49        26.25   35.29
14     15     3.51        26.18   37.47
15     16     3.58        25.78   45.10
16     17     0.51        26.18    1.57
17     18     3.51        26.12   37.47
18     19     3.53        27.03   39.65
19     20     3.64        26.78   51.64
success
sent
    modul  voltage  temperature     soc
0       1     3.58        27.00   45.10
1       2     3.35        26.50   20.22
2       3     3.39        26.71   24.39
3       4     0.00         0.00    1.57
4       5     3.42        26.09   27.66
5       6     2.50        25.50    1.95
6       7     3.40        26.68   25.48
7       8     3.46        26.43   32.02
8       9     3.43        25.62   28.75
9      10     4.38        27.28  100.00
10     11     3.50        25.90   36.38
11     12     3.50        26.28   36.38
12     13     0.00         0.00    1.57
13     14     3.49        26.09   35.29
14     15     3.51        26.21   37.47
15     16     3.58        25.81   45.10
16     17     0.50        26.15    1.57
17     18     3.51        25.96   37.47
18     19     3.53        27.06   39.65
19     20     3.65        26.84   52.73
success
sent
    modul  voltage  temperature     soc
0       1     3.57        27.15   44.01
1       2     3.35        26.59   20.22
2       3     3.40        26.62   25.48
3       4     0.00         0.00    1.57
4       5     3.42        26.03   27.66
5       6     2.49        25.56    1.88
6       7     3.40        26.75   25.48
7       8     3.46        26.46   32.02
8       9     3.43        25.68   28.75
9      10     4.38        27.21  100.00
10     11     3.50        25.93   36.38
11     12     3.50        26.31   36.38
12     13     0.00         0.00    1.57
13     14     3.49        26.25   35.29
14     15     3.52        26.28   38.56
15     16     3.58        25.87   45.10
16     17     0.50        26.25    1.57
17     18     3.51        26.15   37.47
18     19     3.52        26.96   38.56
19     20     3.65        26.81   52.73
success
sent
    modul  voltage  temperature     soc
0       1     3.57        27.12   44.01
1       2     3.35        26.46   20.22
2       3     3.40        26.62   25.48
3       4     0.00         0.00    1.57
4       5     3.42        26.12   27.66
5       6     2.50        25.53    1.95
6       7     3.39        26.68   24.39
7       8     3.46        26.56   32.02
8       9     3.43        25.71   28.75
9      10     4.38        27.25  100.00
10     11     3.49        26.00   35.29
11     12     3.50        26.37   36.38
12     13     0.00         0.00    1.57
13     14     3.49        26.03   35.29
14     15     3.51        26.18   37.47
15     16     3.58        25.84   45.10
16     17     0.50        26.31    1.57
17     18     3.51        26.12   37.47
18     19     3.53        26.93   39.65
19     20     3.65        26.87   52.73
success
sent
Traceback (most recent call last):
  File "/home/aip117/project/rabbitmq/insert.py", line 81, in <module>
    channel.start_consuming()
  File "/home/aip117/venv/lib/python3.8/site-packages/pika/adapters/blocking_connection.py", line 1865, in start_consuming
    self._process_data_events(time_limit=None)
  File "/home/aip117/venv/lib/python3.8/site-packages/pika/adapters/blocking_connection.py", line 2026, in _process_data_events
    self.connection.process_data_events(time_limit=time_limit)
  File "/home/aip117/venv/lib/python3.8/site-packages/pika/adapters/blocking_connection.py", line 824, in process_data_events
    self._flush_output(common_terminator)
  File "/home/aip117/venv/lib/python3.8/site-packages/pika/adapters/blocking_connection.py", line 523, in _flush_output
    raise self._closed_result.value.error
pika.exceptions.ConnectionClosedByBroker: (320, "CONNECTION_FORCED - broker forced connection closure with reason 'shutdown'")
